0.000000000000000000e+00 0.000000000000000000e+00 1.153206080198287964e-02
1.010101010101010187e-02 5.008424896450323210e-02 5.762544646859169006e-02
2.020202020202020374e-02 9.914324839139265766e-02 1.038772612810134888e-01
3.030303030303030387e-02 1.471773151769388555e-01 1.501080989837646484e-01
4.040404040404040747e-02 1.941867679123448487e-01 1.963389962911605835e-01
5.050505050505051108e-02 2.401719249951597690e-01 2.425698786973953247e-01
6.060606060606060774e-02 2.851331026473862273e-01 2.888007760047912598e-01
7.070707070707071829e-02 3.290706128719338430e-01 3.350316286087036133e-01
8.080808080808081495e-02 3.719847613641311113e-01 3.759886920452117920e-01
9.090909090909091161e-02 4.138758453030559337e-01 4.152370691299438477e-01
1.010101010101010222e-01 4.547441511961036742e-01 4.546291530132293701e-01
1.111111111111111188e-01 4.945899527558074715e-01 4.941924214363098145e-01
1.212121212121212155e-01 5.334135087600484493e-01 5.337556004524230957e-01
1.313131313131313260e-01 5.712150610884363378e-01 5.733187198638916016e-01
1.414141414141414366e-01 6.079948328607912567e-01 6.104984879493713379e-01
1.515151515151515194e-01 6.437530267405980888e-01 6.444398164749145508e-01
1.616161616161616299e-01 6.784898234782790194e-01 6.783664822578430176e-01
1.717171717171717404e-01 7.122053806907894247e-01 7.122926115989685059e-01
1.818181818181818232e-01 7.448998319717579086e-01 7.462190389633178711e-01
1.919191919191919338e-01 7.765732863302013955e-01 7.801455259323120117e-01
2.020202020202020443e-01 8.072258279945861981e-01 8.112804889678955078e-01
2.121212121212121271e-01 8.368575165870836274e-01 8.385580778121948242e-01
2.222222222222222376e-01 8.654683876900609585e-01 8.656879067420959473e-01
2.323232323232323482e-01 8.930584538416062035e-01 8.928174376487731934e-01
2.424242424242424310e-01 9.196277058798701942e-01 9.197462797164916992e-01
2.525252525252525415e-01 9.451761146765662591e-01 9.463481307029724121e-01
2.626262626262626521e-01 9.697036332069768338e-01 9.711295962333679199e-01
2.727272727272727626e-01 9.932101989142861909e-01 9.939836263656616211e-01
2.828282828282828731e-01 1.015695736338450450e+00 1.016837835311889648e+00
2.929292929292929282e-01 1.037160159912811297e+00 1.038205027580261230e+00
3.030303030303030387e-01 1.057603376902287451e+00 1.058509588241577148e+00
3.131313131313131493e-01 1.077025290388764045e+00 1.077698349952697754e+00
3.232323232323232598e-01 1.095425802242038227e+00 1.096296310424804688e+00
3.333333333333333703e-01 1.112804815990695806e+00 1.114614963531494141e+00
3.434343434343434809e-01 1.129162239543135104e+00 1.129573702812194824e+00
3.535353535353535914e-01 1.144497987665115124e+00 1.144210457801818848e+00
3.636363636363636465e-01 1.158811984165634135e+00 1.158705830574035645e+00
3.737373737373737570e-01 1.172104163759729145e+00 1.172968745231628418e+00
3.838383838383838675e-01 1.184374473527255889e+00 1.186144709587097168e+00
3.939393939393939781e-01 1.195622873963906985e+00 1.195188760757446289e+00
4.040404040404040886e-01 1.205849339596694048e+00 1.204233050346374512e+00
4.141414141414141992e-01 1.215053859150077686e+00 1.213277578353881836e+00
4.242424242424242542e-01 1.223236435289637658e+00 1.222321152687072754e+00
4.343434343434343647e-01 1.230397083944826386e+00 1.229684114456176758e+00
4.444444444444444753e-01 1.236535833246370730e+00 1.234712362289428711e+00
4.545454545454545858e-01 1.241652722131546760e+00 1.239511251449584961e+00
4.646464646464646964e-01 1.245747798658114025e+00 1.244010686874389648e+00
4.747474747474748069e-01 1.248821118099240346e+00 1.247587203979492188e+00
4.848484848484848619e-01 1.250872740892445156e+00 1.248040556907653809e+00
4.949494949494949725e-01 1.251902730505325856e+00 1.248500823974609375e+00
5.050505050505050830e-01 1.251911151300258540e+00 1.248712658882141113e+00
5.151515151515152491e-01 1.250898066467710068e+00 1.248708844184875488e+00
5.252525252525253041e-01 1.248863536090804693e+00 1.248705029487609863e+00
5.353535353535353591e-01 1.245807615399725288e+00 1.245573163032531738e+00
5.454545454545455252e-01 1.241730353256585095e+00 1.239573001861572266e+00
5.555555555555555802e-01 1.236631790904225703e+00 1.233572363853454590e+00
5.656565656565657463e-01 1.230511960978484698e+00 1.227412104606628418e+00
5.757575757575758013e-01 1.223370886793885282e+00 1.221102952957153320e+00
5.858585858585858563e-01 1.215208581881617622e+00 1.214793920516967773e+00
5.959595959595960224e-01 1.206025049745647282e+00 1.208484888076782227e+00
6.060606060606060774e-01 1.195820283797902617e+00 1.199640989303588867e+00
6.161616161616162435e-01 1.184594267422101721e+00 1.185176134109497070e+00
6.262626262626262985e-01 1.172346974123475327e+00 1.170711398124694824e+00
6.363636363636364646e-01 1.159078367708950674e+00 1.156246542930603027e+00
6.464646464646465196e-01 1.144788402440553909e+00 1.141781687736511230e+00
6.565656565656565746e-01 1.129477023153855564e+00 1.127316832542419434e+00
6.666666666666667407e-01 1.113144165287438536e+00 1.111916422843933105e+00
6.767676767676767957e-01 1.095789754779286973e+00 1.093445658683776855e+00
6.868686868686869618e-01 1.077413707869637527e+00 1.074975609779357910e+00
6.969696969696970168e-01 1.058015930797074233e+00 1.055692195892333984e+00
7.070707070707071829e-01 1.037596319351587137e+00 1.036409020423889160e+00
7.171717171717172379e-01 1.016154758352784571e+00 1.017125844955444336e+00
7.272727272727272929e-01 9.936911210767493952e-01 9.945001602172851562e-01
7.373737373737374590e-01 9.702052686029133399e-01 9.693075418472290039e-01
7.474747474747475140e-01 9.456970491693308389e-01 9.441149234771728516e-01
7.575757575757576801e-01 9.201662975462299165e-01 9.189224839210510254e-01
7.676767676767677351e-01 8.936128344381611965e-01 8.937297463417053223e-01
7.777777777777777901e-01 8.660364659754706818e-01 8.675460219383239746e-01
7.878787878787879562e-01 8.374369833132148111e-01 8.370629549026489258e-01
7.979797979797980112e-01 8.078141623495406209e-01 8.065800070762634277e-01
8.080808080808081773e-01 7.771677635791817140e-01 7.760969996452331543e-01
8.181818181818182323e-01 7.454975321235701724e-01 7.456139922142028809e-01
8.282828282828283983e-01 7.128031979974193133e-01 7.127874493598937988e-01
8.383838383838384534e-01 6.790844765107092451e-01 6.792172789573669434e-01
8.484848484848485084e-01 6.443410689346538156e-01 6.448964476585388184e-01
8.585858585858586745e-01 6.085726634484276421e-01 6.089366078376770020e-01
8.686868686868687295e-01 5.717789362867506942e-01 5.729770064353942871e-01
8.787878787878788955e-01 5.339595532414267431e-01 5.344523191452026367e-01
8.888888888888889506e-01 4.951141714208574518e-01 4.958013296127319336e-01
8.989898989898991166e-01 4.552424413085357502e-01 4.571504890918731689e-01
9.090909090909091717e-01 4.143440091665274161e-01 4.157356321811676025e-01
9.191919191919192267e-01 3.724185197520608059e-01 3.730444014072418213e-01
9.292929292929293927e-01 3.294656193224205221e-01 3.303532302379608154e-01
9.393939393939394478e-01 2.854849588747122024e-01 2.854211926460266113e-01
9.494949494949496138e-01 2.404761976889465969e-01 2.384551018476486206e-01
9.595959595959596689e-01 1.944390069800584209e-01 1.914892345666885376e-01
9.696969696969697239e-01 1.473730736370749694e-01 1.445233076810836792e-01
9.797979797979798899e-01 9.927810399879206937e-02 9.755778312683105469e-02
9.898989898989899450e-01 5.015382748238873811e-02 5.059178918600082397e-02
1.000000000000000000e+00 -2.797762022055394502e-18 3.625703975558280945e-03
