0.000000000000000000e+00 0.000000000000000000e+00 -1.648390293121337891e-02
1.010101010101010187e-02 5.101520253035405847e-05 -1.515217870473861694e-02
2.020202020202020374e-02 2.040608101214161797e-04 -1.310773286968469620e-02
3.030303030303030387e-02 4.591368227731865126e-04 -1.089572347700595856e-02
4.040404040404040747e-02 8.162432404856648270e-04 -8.683706633746623993e-03
5.050505050505051108e-02 1.275380063258851719e-03 -6.471703760325908661e-03
6.060606060606060774e-02 1.836547291092746051e-03 -3.872230648994445801e-03
7.070707070707071829e-02 2.499744923987349231e-03 -1.101464265957474709e-03
8.080808080808081495e-02 3.264972961942660176e-03 1.694085309281945229e-03
9.090909090909091161e-02 4.132231404958678668e-03 4.331539385020732880e-03
1.010101010101010222e-01 5.101520253035404275e-03 6.823095493018627167e-03
1.111111111111111188e-01 6.172839506172842633e-03 8.703106082975864410e-03
1.212121212121212155e-01 7.346189164370985070e-03 1.032854244112968445e-02
1.313131313131313260e-01 8.621569227629837656e-03 1.141989603638648987e-02
1.414141414141414366e-01 9.998979695949396923e-03 1.250600442290306091e-02
1.515151515151515194e-01 1.147842056932966461e-02 1.359212771058082581e-02
1.616161616161616299e-01 1.305989184777064244e-02 1.467823609709739685e-02
1.717171717171717404e-01 1.474339353127232521e-02 1.576433330774307251e-02
1.818181818181818232e-01 1.652892561983471467e-02 1.685044169425964355e-02
1.919191919191919338e-01 1.841648811345781428e-02 1.793655380606651306e-02
2.020202020202020443e-01 2.040608101214162404e-02 1.895716041326522827e-02
2.121212121212121271e-01 2.249770431588613701e-02 1.994955539703369141e-02
2.222222222222222376e-01 2.469135802469136359e-02 2.094195038080215454e-02
2.323232323232323482e-01 2.698704213855730033e-02 2.355849184095859528e-02
2.424242424242424310e-01 2.938475665748393681e-02 2.676706574857234955e-02
2.525252525252525415e-01 3.188450158147127650e-02 2.997563779354095459e-02
2.626262626262626521e-01 3.448627691051934369e-02 3.318422287702560425e-02
2.727272727272727626e-01 3.719008264462810714e-02 3.639280050992965698e-02
2.828282828282828731e-01 3.999591878379758769e-02 3.960139304399490356e-02
2.929292929292929282e-01 4.290378532802776451e-02 4.280995205044746399e-02
3.030303030303030387e-01 4.591368227731864454e-02 4.601854830980300903e-02
3.131313131313131493e-01 4.902560963167024860e-02 4.922711104154586792e-02
3.232323232323232598e-01 5.223956739108255587e-02 5.243568867444992065e-02
3.333333333333333703e-01 5.555555555555557329e-02 5.593936890363693237e-02
3.434343434343434809e-01 5.897357412508928698e-02 5.946723371744155884e-02
3.535353535353535914e-01 6.249362309968373164e-02 6.299509853124618530e-02
3.636363636363636465e-01 6.611570247933884481e-02 6.652297079563140869e-02
3.737373737373737570e-01 6.983981226405468201e-02 7.005083560943603516e-02
3.838383838383838675e-01 7.366595245383124324e-02 7.357871532440185547e-02
3.939393939393939781e-01 7.759412304866850074e-02 7.695958018302917480e-02
4.040404040404040886e-01 8.162432404856649615e-02 7.981632649898529053e-02
4.141414141414141992e-01 8.575655545352517395e-02 8.267304301261901855e-02
4.242424242424242542e-01 8.999081726354452027e-02 8.552976697683334351e-02
4.343434343434343647e-01 9.432710947862463224e-02 8.838649839162826538e-02
4.444444444444444753e-01 9.876543209876542662e-02 9.148781001567840576e-02
4.545454545454545858e-01 1.033057851239669589e-01 9.472829103469848633e-02
4.646464646464646964e-01 1.079481685542291736e-01 9.796868264675140381e-02
4.747474747474748069e-01 1.126925823895521539e-01 1.030199676752090454e-01
4.848484848484848619e-01 1.175390266299357472e-01 1.081548780202865601e-01
4.949494949494949725e-01 1.224875012753800646e-01 1.133044362068176270e-01
5.050505050505050830e-01 1.275380063258851615e-01 1.193153411149978638e-01
5.151515151515152491e-01 1.326905417814509547e-01 1.253262609243392944e-01
5.252525252525253041e-01 1.379451076420773747e-01 1.313371658325195312e-01
5.353535353535353591e-01 1.433017039077645327e-01 1.373480856418609619e-01
5.454545454545455252e-01 1.487603305785124563e-01 1.433590054512023926e-01
5.555555555555555802e-01 1.543209876543210624e-01 1.493698805570602417e-01
5.656565656565657463e-01 1.599836751351903508e-01 1.553808003664016724e-01
5.757575757575758013e-01 1.657483930211203216e-01 1.613916605710983276e-01
5.858585858585858563e-01 1.716151413121110303e-01 1.674025952816009521e-01
5.959595959595960224e-01 1.775839200081624769e-01 1.734135448932647705e-01
6.060606060606060774e-01 1.836547291092745782e-01 1.794244647026062012e-01
6.161616161616162435e-01 1.898275686154474451e-01 1.854353845119476318e-01
6.262626262626262985e-01 1.961024385266809666e-01 1.914462149143218994e-01
6.363636363636364646e-01 2.024793388429752816e-01 1.974571645259857178e-01
6.464646464646465196e-01 2.089582695643302235e-01 2.044160068035125732e-01
6.565656565656565746e-01 2.155392306907458755e-01 2.115822583436965942e-01
6.666666666666667407e-01 2.222222222222223209e-01 2.187484800815582275e-01
6.767676767676767957e-01 2.290072441587593655e-01 2.259146869182586670e-01
6.868686868686869618e-01 2.358942965003572034e-01 2.330808937549591064e-01
6.969696969696970168e-01 2.428833792470156683e-01 2.402471601963043213e-01
7.070707070707071829e-01 2.499744923987348710e-01 2.485341876745223999e-01
7.171717171717172379e-01 2.571676359555148395e-01 2.568487823009490967e-01
7.272727272727272929e-01 2.644628099173554903e-01 2.651633918285369873e-01
7.373737373737374590e-01 2.718600142842568235e-01 2.734779417514801025e-01
7.474747474747475140e-01 2.793592490562188391e-01 2.817925512790679932e-01
7.575757575757576801e-01 2.869605142332416481e-01 2.901071906089782715e-01
7.676767676767677351e-01 2.946638098153250285e-01 2.984218001365661621e-01
7.777777777777777901e-01 3.024691358024691468e-01 3.067860603332519531e-01
7.878787878787879562e-01 3.103764921946741140e-01 3.151730000972747803e-01
7.979797979797980112e-01 3.183858789919396526e-01 3.235599100589752197e-01
8.080808080808081773e-01 3.264972961942659846e-01 3.319467604160308838e-01
8.181818181818182323e-01 3.347107438016529435e-01 3.403336703777313232e-01
8.282828282828283983e-01 3.430262218141007513e-01 3.487206101417541504e-01
8.383838383838384534e-01 3.514437302316091305e-01 3.571075201034545898e-01
8.484848484848485084e-01 3.599632690541781921e-01 3.654943704605102539e-01
8.585858585858586745e-01 3.685848382818081026e-01 3.738812506198883057e-01
8.686868686868687295e-01 3.773084379144985845e-01 3.822681605815887451e-01
8.787878787878788955e-01 3.861340679522499153e-01 3.906550407409667969e-01
8.888888888888889506e-01 3.950617283950618175e-01 3.990420103073120117e-01
8.989898989898991166e-01 4.040914192429345686e-01 4.074288308620452881e-01
9.090909090909091717e-01 4.132231404958679466e-01 4.158157706260681152e-01
9.191919191919192267e-01 4.224568921538619515e-01 4.242026507854461670e-01
9.292929292929293927e-01 4.317926742169168053e-01 4.325895011425018311e-01
9.393939393939394478e-01 4.412304866850322305e-01 4.409764707088470459e-01
9.494949494949496138e-01 4.507703295582085046e-01 4.493633806705474854e-01
9.595959595959596689e-01 4.604122028364454056e-01 4.577502906322479248e-01
9.696969696969697239e-01 4.701561065197429334e-01 4.661372005939483643e-01
9.797979797979798899e-01 4.800020406081013102e-01 4.745240509510040283e-01
9.898989898989899450e-01 4.899500051015203694e-01 4.826820194721221924e-01
1.000000000000000000e+00 5.000000000000001110e-01 4.906121194362640381e-01
